                                               precision_OverTaking precision_LaneChange precision_WrongLane precision_Cutting recall_OverTaking recall_LaneChange recall_WrongLane recall_Cutting f1_OverTaking f1_LaneChange f1_WrongLane f1_Cutting   roc_auc coverage_error label_ranking_avg_precision
30_FPS/init_try                                            0.707273              0.15656            0.047117          0.071615          0.079977          0.024754         0.043709       0.094756      0.143704      0.042748     0.045349   0.081577  0.521926       1.415308                    0.751106
30_FPS/overfit_dropout0_1                                   0.57965             0.132961            0.035938          0.082488          0.041146          0.029397         0.023811       0.177535      0.076838      0.048148     0.028644    0.11264  0.525079       1.463332                    0.739255
30_FPS/overfit_dropout0_2                                  0.483035             0.091984            0.058242          0.027667          0.273085          0.132511         0.292751       0.425339      0.348912       0.10859     0.097156   0.051955  0.571722       1.439822                    0.742326
30_FPS/overfit_dropout0_3                                  0.521703             0.091263            0.046141          0.054219          0.094655          0.054391         0.076735       0.297578      0.160237       0.06816     0.057629   0.091726  0.541511       1.463473                     0.73925
30_FPS/overfit_dropout0_4                                  0.663135             0.120642            0.075789          0.047326          0.288728          0.079808          0.21887        0.34815      0.402297      0.096066     0.112591   0.083325  0.582732       1.302469                    0.776201
30_FPS/overfit_dropout0_5                                  0.620095             0.142048            0.070307           0.04657          0.329409          0.144421         0.196771       0.360128      0.430256      0.143224     0.103598   0.082475  0.588159       1.307827                    0.771103
att_back/enc_layers_2_dec_layers_4                         0.634167                  0.0                 0.0               0.0          0.549228               0.0              0.0            0.0       0.58865           0.0          0.0        0.0  0.552124        1.08209                    0.842875
att_back/enc_layers_2_dec_layers_5                         0.629465                  0.0                 0.0               0.0          0.568677               0.0              0.0            0.0      0.597529           0.0          0.0        0.0   0.55362       1.067201                    0.846788
att_back/enc_layers_2_dec_layers_6                         0.642649             0.272997                 0.0               0.0          0.518226          0.011765              0.0            0.0       0.57377      0.022557          0.0        0.0  0.550847       1.107306                    0.835905
att_back/enc_layers_3_dec_layers_4                          0.63859                  0.0                 0.0               0.0          0.529518               0.0              0.0            0.0      0.578962           0.0          0.0        0.0  0.550555       1.097638                    0.838833
att_back/enc_layers_3_dec_layers_5                         0.593406                  0.0                 0.0               0.0          0.659462               0.0              0.0            0.0      0.624693           0.0          0.0        0.0  0.558859       0.995229                    0.865467
att_back/enc_layers_3_dec_layers_6                         0.634665                  0.0                 0.0               0.0           0.54389               0.0              0.0            0.0      0.585782           0.0          0.0        0.0  0.551653       1.086888                    0.841682
att_back/enc_layers_4_dec_layers_4                         0.602317             0.981132                 0.0               0.0          0.646229          0.003325              0.0            0.0      0.623501      0.006627          0.0        0.0  0.558934       1.008244                    0.862298
att_back/enc_layers_4_dec_layers_5                         0.615273                  0.0                 0.0               0.0          0.600482               0.0              0.0            0.0      0.607787           0.0          0.0        0.0  0.555471       1.043227                    0.853125
att_back/enc_layers_4_dec_layers_6                         0.692265                  0.0                 0.0               0.0          0.417269               0.0              0.0            0.0      0.520688           0.0          0.0        0.0  0.542481       1.182998                    0.816353
att_back/overfit_dropout0_1                                0.531992             0.097617            0.046135          0.025018           0.46008          0.247837         0.348741       0.704186      0.493429      0.140066      0.08149   0.048319  0.607874       1.455885                    0.739091
att_back/overfit_dropout0_2                                0.567639                  0.0            0.140162           0.45288          0.003979               0.0         0.008615       0.097851      0.007903           0.0     0.016232    0.16093  0.513006       1.471717                    0.737722
att_back/overfit_dropout0_3                                0.559096             0.089315            0.071206          0.033396          0.108977          0.045356         0.109841       0.199661      0.182401      0.060161     0.086401   0.057222  0.534909       1.461926                    0.738806
att_back/overfit_dropout0_4                                 0.59044             0.147497            0.074871            0.0931          0.031925          0.020802         0.031146       0.159502      0.060575      0.036461     0.043992   0.117573  0.524319        1.46894                     0.73804
att_back/overfit_dropout0_5                                     0.0                  0.0                 0.0               0.0               0.0               0.0              0.0            0.0           0.0           0.0          0.0        0.0       0.5       1.471755                    0.737717
att_back/weig_loss_enc_2_dec_4_overfit_try                 0.624563              0.17765            0.067066          0.044732          0.544058          0.322315         0.124834       0.104452      0.581538      0.229053     0.087255   0.062639  0.592223       1.053389                    0.838276
att_back/weig_loss_enc_2_dec_4_red_dim                     0.641565             0.175131            0.073857          0.093424          0.559886            0.3539         0.184508       0.163813      0.597949      0.234311     0.105488   0.118988  0.610028       1.034702                    0.842705
att_back/weig_loss_enc_2_dec_4_red_dim_overfit             0.615337             0.185748            0.071475          0.047297          0.556694          0.332161         0.110539       0.219749      0.584548      0.238259     0.086815   0.077841  0.605603       1.057297                    0.834434
att_back/weig_loss_enc_4_dec_6                             0.506748             0.161584            0.078427          0.082024          0.639864          0.256777         0.062001       0.080479      0.565579       0.19835     0.069254   0.081245  0.577526       0.996801                    0.853709
rgb_back/enc_layers_2_dec_layers_4                         0.635345                  0.0                 0.0               0.0          0.559699               0.0              0.0            0.0      0.595128           0.0          0.0        0.0  0.553203       1.073104                    0.845144
rgb_back/enc_layers_2_dec_layers_5                         0.669831                  0.0                 0.0               0.0          0.470108               0.0              0.0            0.0      0.552474           0.0          0.0        0.0  0.546674       1.139799                    0.827432
rgb_back/enc_layers_2_dec_layers_6                         0.654975                  0.0                 0.0               0.0          0.475036               0.0              0.0            0.0      0.550679           0.0          0.0        0.0  0.546324       1.137144                    0.828238
rgb_back/enc_layers_3_dec_layers_4                          0.69124                  0.0                 0.0               0.0          0.424921               0.0              0.0            0.0      0.526308           0.0          0.0        0.0  0.543213       1.173435                    0.818503
rgb_back/enc_layers_3_dec_layers_5                         0.642076                  0.0                 0.0               0.0          0.524871               0.0              0.0            0.0      0.577587           0.0          0.0        0.0  0.550344       1.099386                    0.838199
rgb_back/enc_layers_3_dec_layers_6                         0.612719                  0.0                 0.0               0.0          0.587696               0.0              0.0            0.0      0.599947           0.0          0.0        0.0  0.554082       1.054703                     0.85027
rgb_back/enc_layers_4_dec_layers_4                         0.664391                  0.0                 0.0               0.0          0.490397               0.0              0.0            0.0      0.564286           0.0          0.0        0.0  0.548376       1.123443                     0.83166
rgb_back/enc_layers_4_dec_layers_5                         0.664445                  0.0                 0.0               0.0          0.481867               0.0              0.0            0.0      0.558616           0.0          0.0        0.0  0.547538       1.128966                    0.830107
rgb_back/enc_layers_4_dec_layers_6                          0.63384                  0.0                 0.0               0.0          0.543349               0.0              0.0            0.0      0.585116           0.0          0.0        0.0  0.551543       1.085866                    0.841813